mes	ano	temp
1	1989	27,058065
2	1989	27,604286
3	1989	27,477931
4	1989	26,235
5	1989	26,213793
6	1989	25
7	1989	24,492381
8	1989	24,750323
9	1989	26,259333
10	1989	26,684667
11	1989	27,039231
12	1989	26
1	1990	27,144516
2	1990	27,26
3	1990	27,651333
4	1990	27,451333
5	1990	26,357241
6	1990	25,374667
7	1990	25,082963
8	1990	24,576
9	1990	25,773333
10	1990	26,419355
11	1990	26,752143
12	1990	26,959048
1	1991	27,609677
2	1991	27,735714
3	1991	27,38129
4	1991	26,935172
5	1991	25,917037
6	1991	25,308966
7	1991	24,396667
8	1991	24,308
9	1991	25,348
10	1991	25,919355
11	1991	26,532
12	1991	26
1	1992	27,379355
2	1992	26,958571
3	1992	26,653548
4	1992	26,716
5	1992	26,494667
6	1992	25,013793
7	1992	24,513793
8	1992	24,527097
9	1992	25,670714
10	1992	26,28
11	1992	26,508148
12	1992	26,8616
1	1993	26,878065
2	1993	27,363571
3	1993	27,54129
4	1993	27,024828
5	1993	26,759259
6	1993	25,495862
7	1993	24,745185
8	1993	25,457241
9	1993	26,167586
10	1993	26,4325
11	1993	26,898
12	1993	27,294194
1	1994	27,189677
2	1994	27,577857
3	1994	27,207742
4	1994	26,388
5	1994	26,2168
6	1994	24,948571
7	1994	24,6
8	1994	25,142581
9	1994	25,515333
10	1994	26,445806
11	1994	26,546667
12	1994	26
1	1995	27,052903
2	1995	27,619286
3	1995	27,545161
4	1995	26,817333
5	1995	25,992258
6	1995	25,093333
7	1995	23,925806
8	1995	25,015484
9	1995	25,295333
10	1995	26,099355
11	1995	26,351333
12	1995	27,14
1	1996	27,428387
2	1996	27,528966
3	1996	27,030968
4	1996	26,606667
5	1996	26,467742
6	1996	25,014
7	1996	24,395484
8	1996	24,769032
9	1996	25,449333
10	1996	26,405161
11	1996	26,804
12	1996	27,540645
1	1997	27,522581
2	1997	27,576429
3	1997	27,131613
4	1997	26,694
5	1997	25,922581
6	1997	25,228
7	1997	24,656129
8	1997	24,487742
9	1997	25,748
10	1997	26,743871
11	1997	27,130667
12	1997	27,448387
1	1998	27,743226
2	1998	28,382857
3	1998	28,663871
4	1998	28,406667
5	1998	27,14
6	1998	25,563333
7	1998	24,387742
8	1998	24,947742
9	1998	25,868
10	1998	26,453548
11	1998	26,843333
12	1998	27,105161
1	1999	26,903871
2	1999	26,725714
3	1999	26,680645
4	1999	26,432
5	1999	25,550968
6	1999	25,015333
7	1999	24,491613
8	1999	24,308966
9	1999	25,125333
10	1999	25,649032
11	1999	26,465333
12	1999	26,397419
1	2000	26,530323
2	2000	26,775862
3	2000	27,003871
4	2000	26,26
5	2000	25,710968
6	2000	24,446
7	2000	23,619355
8	2000	24,34
9	2000	25,314
10	2000	25,867097
11	2000	26,165333
12	2000	26,334667
1	2001	26,24
2	2001	26,942857
3	2001	26,734839
4	2001	25,813333
5	2001	26,527742
6	2001	24,412
7	2001	24,243871
8	2001	23,79871
9	2001	25,067333
10	2001	26,04129
11	2001	26,615333
12	2001	27,656774
1	2002	27,243871
2	2002	27,53
3	2002	27,036129
4	2002	26,882667
5	2002	26,905806
6	2002	25,487333
7	2002	25,27871
8	2002	25,110968
9	2002	26,293333
10	2002	26,722581
11	2002	26,916
12	2002	27,303226
1	2003	27,605161
2	2003	27,38
3	2003	27,175484
4	2003	27,206667
5	2003	27,019355
6	2003	25,494667
7	2003	24,96129
8	2003	25,405161
9	2003	26,129333
10	2003	26,899355
11	2003	27,417333
12	2003	27,510968
1	2004	27,12129
2	2004	27,126897
3	2004	27,369032
4	2004	27,189333
5	2004	26,411613
6	2004	24,996
7	2004	24,790968
8	2004	25,144516
9	2004	25,752
10	2004	26,748387
11	2004	27,026667
12	2004	27,277419
1	2005	27,663226
2	2005	28,058571
3	2005	28,131613
4	2005	27,893333
5	2005	26,409032
6	2005	24,923333
7	2005	24,972903
8	2005	25,350968
9	2005	26,002667
10	2005	26,802581
11	2005	27,385333
12	2005	27,665806
1	2006	27,627097
2	2006	28,082857
3	2006	28,219355
4	2006	27,192
5	2006	26,749677
6	2006	25,236
7	2006	25,100645
8	2006	25,255484
9	2006	25,825333
10	2006	26,821935
11	2006	26,986667
12	2006	27,274839
1	2007	27,514839
2	2007	27,631429
3	2007	27,456774
4	2007	27,038667
5	2007	26,392258
6	2007	24,988
7	2007	24,851613
8	2007	24,60129
9	2007	25,172
10	2007	26,063226
11	2007	26,922667
12	2007	27,56
1	2008	27,665806
2	2008	28,156552
3	2008	27,571613
4	2008	26,744
5	2008	26,553548
6	2008	25,366667
7	2008	24,818065
8	2008	24,947742
9	2008	25,997333
10	2008	26,647097
11	2008	27,245333
12	2008	27,788387
1	2009	27,685161
2	2009	27,59
3	2009	27,643871
4	2009	27,312
5	2009	26,649032
6	2009	25,814667
7	2009	25,387097
8	2009	25,569032
9	2009	26,464
10	2009	27,004516
11	2009	27,46
12	2009	27,702581
1	2010	27,985806
2	2010	28,312857
3	2010	28,943871
4	2010	28,273333
5	2010	27,774839
6	2010	26,564667
7	2010	25,292258
8	2010	25,057419
9	2010	25,568
10	2010	27,048387
11	2010	27,38
12	2010	27,454839
1	2011	26,918065
2	2011	27,732857
3	2011	27,834839
4	2011	26,970667
5	2011	26,243871
6	2011	25,43
7	2011	24,879355
8	2011	25,177419
9	2011	25,674667
10	2011	26,711613
11	2011	27,217333
12	2011	27,336774
1	2012	27,282581
2	2012	27,004138
3	2012	27,223871
4	2012	27,300667
5	2012	26,848387
6	2012	25,308
7	2012	25,047097
8	2012	24,88129
9	2012	25,490667
10	2012	26,13871
11	2012	27,016
12	2012	27,433548
1	2013	27,751613
2	2013	27,933571
3	2013	28,035484
4	2013	27,766667
5	2013	26,820645
6	2013	25,785333
7	2013	24,831613
8	2013	25,189032
9	2013	25,702
10	2013	26,71871
11	2013	26,576667
12	2013	27,274839
1	2014	27,087097
2	2014	27,291429
3	2014	27,430323
4	2014	27,605333
5	2014	26,566452
6	2014	25,742
7	2014	24,936129
8	2014	25,13871
9	2014	25,700667
10	2014	26,424516
11	2014	26,905333
12	2014	27,25871
1	2015	27,42
2	2015	27,778571
3	2015	27,110323
4	2015	27,662667
5	2015	27,477419
6	2015	25,936
7	2015	25,370968
8	2015	25,64
9	2015	26,44
10	2015	26,812258
11	2015	27,338667
12	2015	27,526452
1	2016	27,427742
2	2016	27,785517
3	2016	27,732258
4	2016	27,822
5	2016	27,28129
6	2016	26,695333
7	2016	26,076129
8	2016	26,342581
9	2016	26,817333
10	2016	27,286452
11	2016	27,966667
12	2016	28,083226
1	2017	28,032903
2	2017	28,210714
3	2017	28,217419
4	2017	27,918667
5	2017	27,290323
6	2017	26,321333
7	2017	24,708387
8	2017	25,672903
9	2017	25,685333
10	2017	26,448387
11	2017	27,248667
12	2017	27,5864